Sun field harmonics from HMI synoptic maps (scripts/build-sun-field.py). Degree 15, source surface 2.5 Rsun.
CR  start (UTC)        empty%  dipole B0 (G)  tilt (deg)  round trip (rms, of the coefficients)
2097  2010.05.19_23:12   0.55   1.196    26.1  2.0e-03
2098  2010.06.16_04:06   0.63   1.054    22.6  2.1e-03
2099  2010.07.13_08:51   0.99   1.148    19.6  1.0e-03
2100  2010.08.09_14:01   1.32   0.974    16.2  1.1e-03
2101  2010.09.05_19:50   1.37   1.038    24.6  5.5e-04
2102  2010.10.03_02:20   1.04   1.172    14.4  1.4e-03
2103  2010.10.30_09:20   0.66   0.981    19.4  8.0e-04
2104  2010.11.26_16:42   0.55   0.901    22.1  1.4e-03
2105  2010.12.24_01:15   0.42   1.094    19.2  1.3e-03
2106  2011.01.20_08:28   1.20   0.855    17.6  1.3e-03
2107  2011.02.16_16:40   1.39   0.749    39.9  5.1e-04
2108  2011.03.16_00:33   1.29   1.005    49.3  7.9e-04
2109  2011.04.12_07:35   0.94   1.292    51.2  7.0e-04
2110  2011.05.09_13:34   0.55   1.146    46.2  6.3e-04
2111  2011.06.05_18:41   0.57   1.010    35.6  4.0e-04
2112  2011.07.02_23:26   0.83   1.054    37.1  8.0e-04
2113  2011.07.30_04:23   1.21   0.949    53.6  5.7e-04
2114  2011.08.26_09:56   1.39   0.964    53.5  7.7e-04
2115  2011.09.22_16:11   1.21   1.128    38.3  5.5e-04
2116  2011.10.19_23:00   0.79   0.958    53.8  4.6e-04
2117  2011.11.16_06:14   0.57   0.761    38.5  5.8e-04
2118  2011.12.13_13:48   0.61   0.847    43.1  1.2e-03
2119  2012.01.09_22:35   0.73   0.827    43.5  1.5e-04
2120  2012.02.06_06:47   0.98   0.735    26.2  1.6e-04
2121  2012.03.04_14:50   1.00   0.880    39.9  6.4e-05
2122  2012.03.31_22:14   0.77   0.468    35.0  6.0e-05
2123  2012.04.28_04:37   0.50   0.511    29.7  8.5e-05
2124  2012.05.25_10:00   0.42   0.309    49.8  1.5e-05
2125  2012.06.21_14:49   0.52   0.397    10.4  5.3e-05
2126  2012.07.18_19:38   0.80   0.605    26.5  6.9e-05
2127  2012.08.15_00:55   1.01   0.353    17.6  2.8e-05
2128  2012.09.11_06:06   1.31   0.674    30.8  1.2e-03
2129  2012.10.08_12:44   1.02   0.535    51.0  7.1e-04
2130  2012.11.04_19:49   0.72   0.206    41.3  5.3e-04
2131  2012.12.02_03:15   0.64   0.560    81.7  9.8e-04
2132  2012.12.29_11:03   0.88   0.616    69.5  6.5e-04
2133  2013.01.25_19:10   1.28   0.795    66.4  8.1e-04
2134  2013.02.22_03:21   1.39   0.823    80.2  5.1e-04
2135  2013.03.21_11:05   1.25   1.021    66.7  1.1e-03
2136  2013.04.17_17:53   0.85   1.328    88.7  4.4e-04
2137  2013.05.14_23:39   0.65   1.058    83.5  1.1e-03
2138  2013.06.11_05:25   0.28   1.123    85.4  7.8e-04
2139  2013.07.08_10:10   0.59   0.776    86.0  6.0e-04
2140  2013.08.04_15:14   0.83   0.455    79.5  7.7e-04
2141  2013.08.31_20:57   0.83   0.252    88.7  9.9e-04
2142  2013.09.28_03:21   0.74   0.687    73.6  1.0e-03
2143  2013.10.25_10:17   0.41   0.797    84.2  7.6e-04
2144  2013.11.21_17:36   0.18   0.741    86.4  7.1e-04
2145  2013.12.19_01:15   0.37   0.620    77.8  7.7e-04
2146  2014.01.15_09:16   0.70   0.775    82.8  4.3e-04
2147  2014.02.11_17:28   0.83   0.404    85.9  4.7e-04
2148  2014.03.11_01:26   0.83   0.636    38.5  1.1e-03
2149  2014.04.07_08:38   0.61   0.638    22.3  1.6e-03
2150  2014.05.04_14:46   0.30   0.672    24.8  6.4e-04
2151  2014.05.31_19:59   0.17   0.605    25.0  1.1e-03
2152  2014.06.28_00:45   0.45   1.026    38.2  3.4e-04
2153  2014.07.25_05:38   0.76   1.227    42.8  2.0e-04
2154  2014.08.21_11:05   0.83   1.429    45.9  7.0e-04
2155  2014.09.17_17:14   0.83   1.342    53.3  6.2e-04
2156  2014.10.14_23:59   0.54   1.768    58.7  1.9e-04
2157  2014.11.11_07:09   0.22   1.934    50.3  4.3e-04
2158  2014.12.08_14:41   0.23   2.103    57.7  3.6e-04
2159  2015.01.04_22:33   0.57   1.457    23.2  4.5e-04
2160  2015.02.01_06:43   0.83   1.477    33.5  2.8e-04
2161  2015.02.28_14:50   0.83   1.427    41.4  9.0e-04
2162  2015.03.27_22:23   0.72   1.622    27.2  8.9e-04
2163  2015.04.24_04:57   0.40   1.601    46.1  1.6e-03
2164  2015.05.21_10:29   0.17   1.972    55.4  7.1e-04
2165  2015.06.17_15:22   0.34   1.520    32.0  9.3e-04
2166  2015.07.14_20:08   0.66   1.353    33.9  5.7e-04
2167  2015.08.11_01:20   0.83   1.707    36.9  7.7e-04
2168  2015.09.07_07:12   0.83   1.665    38.6  1.5e-03
2169  2015.10.04_13:44   0.68   1.349    36.4  2.0e-03
2170  2015.10.31_20:46   0.36   1.434    32.1  1.3e-03
2171  2015.11.28_04:09   0.18   1.688    34.8  1.2e-03
2172  2015.12.25_11:53   0.43   1.536    30.2  6.7e-04
2173  2016.01.21_19:58   0.76   1.412    31.3  9.6e-04
2174  2016.02.18_04:09   0.83   1.594    26.5  2.3e-03
2175  2016.03.16_12:00   0.83   1.533    24.3  1.8e-03
2176  2016.04.12_18:58   0.51   1.450    22.2  5.5e-04
2177  2016.05.10_00:53   0.23   1.540    29.0  9.0e-04
2178  2016.06.06_05:57   0.23   1.674    29.8  1.8e-03
2179  2016.07.03_10:42   0.51   1.677    32.4  5.5e-04
2180  2016.07.30_15:41   0.83   1.726    32.7  1.0e-03
2181  2016.08.26_21:16   0.83   1.727    26.1  2.2e-03
2182  2016.09.23_03:34   0.79   1.589    31.6  8.2e-04
2183  2016.10.20_10:25   0.46   1.620    29.4  1.3e-03
2184  2016.11.16_17:41   0.18   1.700    25.1  2.5e-03
2185  2016.12.14_01:16   0.32   1.549    23.5  2.8e-03
2186  2017.01.10_09:13   0.65   1.405    19.7  1.1e-03
2187  2017.02.06_17:25   0.83   1.414    21.2  2.0e-03
2188  2017.03.06_01:28   0.83   1.632    12.0  2.1e-03
2189  2017.04.02_08:49   0.66   1.460     9.8  8.8e-04
2190  2017.04.29_15:09   0.34   1.640     5.7  2.8e-03
2191  2017.05.26_20:30   0.17   1.512     6.1  8.9e-04
2192  2017.06.23_01:18   0.40   1.348     6.8  2.5e-03
2193  2017.07.20_06:08   0.71   1.518     4.9  2.3e-03
2194  2017.08.16_11:27   0.83   1.881     5.3  2.0e-03
2195  2017.09.12_17:29   0.83   1.793     9.7  2.0e-03
2196  2017.10.10_00:09   0.62   1.547    12.8  1.6e-03
2197  2017.11.06_07:15   0.29   1.537    13.8  1.7e-03
2198  2017.12.03_14:43   0.18   1.598    13.4  1.8e-03
2199  2017.12.30_22:32   0.49   1.547    12.0  2.4e-03
2200  2018.01.27_06:39   0.82   1.683    10.7  2.8e-03
2201  2018.02.23_14:49   0.83   1.738     8.2  9.7e-03
2202  2018.03.22_22:31   0.77   1.680     5.3  3.5e-03
2203  2018.04.19_05:16   0.45   1.463     4.7  3.8e-03
2204  2018.05.16_10:57   0.17   1.512     4.0  2.9e-03
2205  2018.06.12_15:55   0.29   1.591     7.2  1.1e-03
2206  2018.07.09_20:40   0.61   1.548     5.9  1.4e-03
2207  2018.08.06_01:45   0.83   1.576     4.8  3.6e-03
2208  2018.09.02_07:30   0.83   1.430     5.2  2.8e-03
2209  2018.09.29_13:56   0.73   1.620     6.3  3.9e-03
2210  2018.10.26_20:53   0.40   1.396    10.4  2.2e-03
2211  2018.11.23_04:13   0.18   1.504     7.4  3.6e-03
2212  2018.12.20_11:53   0.38   1.474     6.5  2.4e-03
2213  2019.01.16_19:54   0.71   1.584     6.5  5.7e-03
2214  2019.02.13_04:07   0.83   1.663     7.6  6.3e-03
2215  2019.03.12_12:03   0.83   1.460     8.3  3.5e-03
2216  2019.04.08_19:12   0.60   1.492     3.4  6.1e-04
2217  2019.05.06_01:18   0.28   1.425     3.7  1.7e-03
2218  2019.06.02_06:29   0.18   1.528     5.3  2.5e-03
2219  2019.06.29_11:15   0.46   1.564     7.4  4.2e-03
2220  2019.07.26_16:09   0.78   1.408     8.1  4.1e-03
2221  2019.08.22_21:37   0.83   1.487     4.1  5.3e-03
2222  2019.09.19_03:48   0.83   1.444     4.9  4.3e-03
2223  2019.10.16_10:34   0.52   1.630     3.6  1.3e-02
2224  2019.11.12_17:46   0.21   1.687     6.0  1.3e-02
2225  2019.12.10_01:18   0.25   1.428     4.9  2.8e-03
2226  2020.01.06_09:11   0.59   1.479     3.3  3.6e-03
2227  2020.02.02_17:22   0.83   1.526     0.7  5.4e-03
2228  2020.03.01_01:28   0.83   1.743     2.2  1.1e-02
2229  2020.03.28_08:59   0.71   1.498     0.4  3.4e-03
2230  2020.04.24_15:30   0.39   1.605     1.3  1.2e-02
2231  2020.05.21_21:00   0.17   1.459     3.0  1.2e-03
2232  2020.06.18_01:51   0.35   1.437     4.3  3.3e-03
2233  2020.07.15_06:38   0.67   1.266     6.2  4.6e-03
2234  2020.08.11_11:51   0.83   1.382     6.8  2.4e-03
2235  2020.09.07_17:45   0.83   1.461     8.4  3.1e-03
2236  2020.10.05_00:19   0.67   1.663     9.0  8.3e-03
2237  2020.11.01_07:22   0.34   1.649    16.6  1.4e-03
2238  2020.11.28_14:46   0.18   1.300     6.0  8.4e-04
2239  2020.12.25_22:31   0.44   1.274     2.9  7.7e-04
2240  2021.01.22_06:36   0.77   1.433     3.9  4.0e-03
2241  2021.02.18_14:47   0.83   1.151    12.1  4.2e-03
2242  2021.03.17_22:36   0.82   1.219    10.6  1.7e-03
2243  2021.04.14_05:32   0.50   1.392    12.6  1.2e-03
2244  2021.05.11_11:24   0.21   1.209    11.0  5.7e-04
2245  2021.06.07_16:27   0.24   1.240    10.9  2.5e-03
2246  2021.07.04_21:12   0.52   1.319     9.6  1.0e-03
2247  2021.08.01_02:12   0.83   1.411    13.3  2.1e-03
2248  2021.08.28_07:49   0.83   1.184    10.1  3.6e-03
2249  2021.09.24_14:08   0.78   1.367     6.7  2.3e-03
2250  2021.10.21_21:01   0.45   1.276    15.2  1.6e-03
2251  2021.11.18_04:17   0.18   1.339    17.3  3.4e-03
2252  2021.12.15_11:54   0.33   1.178    35.2  1.4e-03
2253  2022.01.11_19:52   0.66   1.115    35.8  3.4e-04
2254  2022.02.08_04:03   0.83   1.442    35.6  1.3e-03
2255  2022.03.07_12:05   0.83   1.266    33.7  2.3e-03
2256  2022.04.03_19:24   0.65   1.207    56.0  6.6e-04
2257  2022.05.01_01:41   0.33   1.368    69.4  8.1e-04
2258  2022.05.28_07:00   0.17   1.721    76.3  6.6e-04
2259  2022.06.24_11:48   0.41   1.695    68.9  6.6e-04
2260  2022.07.21_16:38   0.73   1.589    70.7  6.2e-04
2261  2022.08.17_21:59   0.83   1.411    69.5  1.2e-03
2262  2022.09.14_04:03   0.83   1.545    64.8  1.8e-03
2263  2022.10.11_10:44   0.61   1.383    56.2  1.1e-03
2264  2022.11.07_17:51   0.27   1.215    60.4  4.1e-04
2265  2022.12.05_01:20   0.20   1.374    67.2  1.1e-03
2266  2023.01.01_09:09   0.50   1.401    81.2  1.2e-03
2267  2023.01.28_17:18   0.83   1.958    84.8  1.3e-03
2268  2023.02.25_01:27   0.83   1.682    84.3  6.6e-04
2269  2023.03.24_09:07   0.76   1.426    85.6  8.9e-04
2270  2023.04.20_15:49   0.44   1.469    89.3  3.6e-04
2271  2023.05.17_21:28   0.17   1.790    88.9  1.0e-03
2272  2023.06.14_02:24   0.30   1.456    86.6  1.0e-03
2273  2023.07.11_07:10   0.62   1.072    80.2  6.2e-04
2274  2023.08.07_12:16   0.83   0.632    81.8  1.7e-03
2275  2023.09.03_18:03   0.83   0.728    78.5  7.5e-04
2276  2023.10.01_00:31   0.72   0.302    58.0  5.6e-04
2277  2023.10.28_07:29   0.39   0.363    80.7  3.8e-04
2278  2023.11.24_14:49   0.18   0.724    80.2  3.9e-04
2279  2023.12.21_22:30   0.39   0.857    85.1  1.1e-03
2280  2024.01.18_06:33   0.72   0.738    55.0  6.4e-04
2281  2024.02.14_14:45   0.83   0.998    74.9  5.8e-04
2282  2024.03.12_22:40   0.83   0.897    80.2  1.5e-04
2283  2024.04.09_05:47   0.58   0.727    56.4  9.3e-04
2284  2024.05.06_11:50   0.26   0.849    78.1  3.7e-04
2285  2024.06.02_16:59   0.19   0.508    58.3  2.6e-04
2286  2024.06.29_21:44   0.47   0.943    69.9  4.5e-04
2287  2024.07.27_02:40   0.79   1.135    60.4  3.4e-04
2288  2024.08.23_08:10   0.83   1.265    70.1  3.4e-04
2289  2024.09.19_14:22   0.83   1.626    76.4  4.3e-04
2290  2024.10.16_21:10   0.50   1.580    78.8  4.4e-04
2291  2024.11.13_04:22   0.20   1.583    81.7  5.3e-04
2292  2024.12.10_11:55   0.26   1.649    86.8  3.6e-04
2293  2025.01.06_19:49   0.61   2.507    83.7  7.6e-04
2294  2025.02.03_04:00   0.83   2.375    84.1  4.3e-04
2295  2025.03.02_12:06   0.83   2.689    87.5  4.8e-04
2296  2025.03.29_19:34   0.70   2.451    89.9  2.0e-04
2297  2025.04.26_02:02   0.38   2.274    81.1  9.2e-04
2298  2025.05.23_07:30   0.17   2.248    76.8  5.3e-04
2299  2025.06.19_12:21   0.36   2.095    75.4  9.4e-04
2300  2025.07.16_17:08   0.68   2.373    78.4  1.1e-03
2301  2025.08.12_22:23   0.83   2.226    76.2  2.7e-04
2302  2025.09.09_04:19   0.83   2.274    77.4  1.0e-03
2303  2025.10.06_10:54   0.66   2.451    73.4  7.4e-04
2304  2025.11.02_17:58   0.33   2.332    68.5  8.0e-04
2305  2025.11.30_01:22   0.18   1.879    64.6  7.8e-04
2306  2025.12.27_09:08   0.45   1.289    54.7  6.2e-04
2307  2026.01.23_17:14   0.78   1.229    47.7  6.4e-04
2308  2026.02.20_01:26   0.83   0.741    27.2  3.2e-04
2309  2026.03.19_09:12   0.81   0.876    27.8  1.5e-03
2310  2026.04.15_16:06   0.49   0.993    19.4  2.8e-04
2311  2026.05.12_21:56   0.20   1.138    33.9  6.1e-04
2312  2026.06.09_02:57   0.25   1.214    39.7  6.0e-04
2313  2026.07.06_07:42   0.55   0.867    46.7  4.5e-04
2314  2026.08.02_12:43   0.83   1.093    26.8  1.2e-03
2315  2026.08.29_18:22   0.83   0.873    29.8  3.3e-04
